0
462
1848
4158
7392
11550
16632
22638
29568
37422
46200
55902
66528
78078
90552
103950
118272
133518
149688
166782
0
462
1848
4158
7392
11550
16632
22638
29568
37422
46200
55902
66528
78078
90552
103950
118272
133518
149688
166782
0
462
1848
4158
7392
11550
16632
22638
29568
37422
46200
55902
66528
78078
90552
103950
118272
133518
149688
166782
0
462
1848
4158
7392
11550
16632
22638
29568
37422
46200
55902
66528
78078
90552
103950
118272
133518
149688
166782
0
462
1848
4158
7392
11550
16632
22638
29568
37422
46200
55902
66528
78078
90552
103950
118272
133518
149688
166782
0
462
1848
4158
7392
11550
16632
22638
29568
37422
46200
55902
66528
78078
90552
103950
118272
133518
149688
166782
0
462
1848
4158
7392
11550
16632
22638
29568
37422
46200
55902
66528
78078
90552
103950
118272
133518
149688
166782
0
462
1848
4158
7392
11550
16632
22638
29568
37422
46200
55902
66528
78078
90552
103950
118272
133518
149688
166782
0
462
1848
4158
7392
11550
16632
22638
29568
37422
46200
55902
66528
78078
90552
103950
118272
133518
149688
166782
0
462
1848
4158
7392
11550
16632
22638
29568
37422
46200
55902
66528
78078
90552
103950
118272
133518
149688
166782
0
462
1848
4158
7392
11550
16632
22638
29568
37422
46200
55902
66528
78078
90552
103950
118272
133518
149688
166782
0
462
1848
4158
7392
11550
16632
22638
29568
37422
46200
55902
66528
78078
90552
103950
118272
133518
149688
166782
0
462
1848
4158
7392
11550
16632
22638
29568
37422
46200
55902
66528
78078
90552
103950
118272
133518
149688
166782
0
462
1848
4158
7392
11550
16632
22638
29568
37422
46200
55902
66528
78078
90552
103950
118272
133518
149688
166782
0
462
1848
4158
7392
11550
16632
22638
29568
37422
46200
55902
66528
78078
90552
103950
118272
133518
149688
166782
0
462
1848
4158
7392
11550
16632
22638
29568
37422
46200
55902
66528
78078
90552
103950
118272
133518
149688
166782
0
462
1848
4158
7392
11550
16632
22638
29568
37422
46200
55902
66528
78078
90552
103950
118272
133518
149688
166782
0
462
1848
4158
7392
11550
16632
22638
29568
37422
46200
55902
66528
78078
90552
103950
118272
133518
149688
166782
0
462
1848
4158
7392
11550
16632
22638
29568
37422
46200
55902
66528
78078
90552
103950
118272
133518
149688
166782
0
462
1848
4158
7392
11550
16632
22638
29568
37422
46200
55902
66528
78078
90552
103950
118272
133518
149688
166782
