0
21
42
63
84
105
126
147
168
189
210
231
252
273
294
315
336
357
378
399
0
21
42
63
84
105
126
147
168
189
210
231
252
273
294
315
336
357
378
399
0
21
42
63
84
105
126
147
168
189
210
231
252
273
294
315
336
357
378
399
0
21
42
63
84
105
126
147
168
189
210
231
252
273
294
315
336
357
378
399
0
21
42
63
84
105
126
147
168
189
210
231
252
273
294
315
336
357
378
399
0
21
42
63
84
105
126
147
168
189
210
231
252
273
294
315
336
357
378
399
0
21
42
63
84
105
126
147
168
189
210
231
252
273
294
315
336
357
378
399
0
21
42
63
84
105
126
147
168
189
210
231
252
273
294
315
336
357
378
399
0
21
42
63
84
105
126
147
168
189
210
231
252
273
294
315
336
357
378
399
0
21
42
63
84
105
126
147
168
189
210
231
252
273
294
315
336
357
378
399
0
21
42
63
84
105
126
147
168
189
210
231
252
273
294
315
336
357
378
399
0
21
42
63
84
105
126
147
168
189
210
231
252
273
294
315
336
357
378
399
0
21
42
63
84
105
126
147
168
189
210
231
252
273
294
315
336
357
378
399
0
21
42
63
84
105
126
147
168
189
210
231
252
273
294
315
336
357
378
399
0
21
42
63
84
105
126
147
168
189
210
231
252
273
294
315
336
357
378
399
0
21
42
63
84
105
126
147
168
189
210
231
252
273
294
315
336
357
378
399
0
21
42
63
84
105
126
147
168
189
210
231
252
273
294
315
336
357
378
399
0
21
42
63
84
105
126
147
168
189
210
231
252
273
294
315
336
357
378
399
0
21
42
63
84
105
126
147
168
189
210
231
252
273
294
315
336
357
378
399
0
21
42
63
84
105
126
147
168
189
210
231
252
273
294
315
336
357
378
399
